{
 "cells": [
  {
   "metadata": {},
   "cell_type": "code",
   "outputs": [],
   "execution_count": null,
   "source": "",
   "id": "6a9e9f5945c1b169"
  },
  {
   "metadata": {},
   "cell_type": "markdown",
   "source": [
    "# Exercise: Exploratory Data Analysis with Pandas\n",
    "## Instructions\n",
    "1. Data Collection\n",
    "    - Search and collect data on the following: (1993 - 2023)\n",
    "        - Israel interest tares\n",
    "        - US interest rates\n",
    "        - USD to ILS exchange rates\n",
    "    - For each dataset, create a pandas DataFrame with the following columns:\n",
    "        - Year\n",
    "        - Month\n",
    "        - Current_Rate (Interest rate or exchange rate for that month)\n",
    "        - Change_From_Last_Month (Difference in Current_Rate from the previous month)\n",
    "        - Optional: You may include additional columns if you find them useful (e.g., Change_Percentage, Date).\n",
    "\n"
   ],
   "id": "2b8e938eb34b0315"
  },
  {
   "metadata": {},
   "cell_type": "code",
   "outputs": [],
   "execution_count": null,
   "source": "",
   "id": "17a7b132e53c5faa"
  },
  {
   "metadata": {
    "ExecuteTime": {
     "end_time": "2024-11-07T08:00:54.152900Z",
     "start_time": "2024-11-07T08:00:53.464871Z"
    }
   },
   "cell_type": "code",
   "source": [
    "# your code here\n",
    "import pandas as pd"
   ],
   "id": "8fb38157aa6333f3",
   "outputs": [],
   "execution_count": 1
  },
  {
   "metadata": {
    "ExecuteTime": {
     "end_time": "2024-11-07T08:39:24.327493Z",
     "start_time": "2024-11-07T08:39:24.316159Z"
    }
   },
   "cell_type": "code",
   "source": [
    "\n",
    "df_interest_il = pd.read_csv('data/interest_rate_il.csv')\n",
    "# df_interest_il.loc[]\n",
    "df_interest_il = df_interest_il[['Unnamed: 0', 'Unnamed: 1']]\n",
    "# df_interest_il[300:400]"
   ],
   "id": "769dbd76a990153b",
   "outputs": [],
   "execution_count": 13
  },
  {
   "metadata": {
    "ExecuteTime": {
     "end_time": "2024-11-07T08:43:27.205689Z",
     "start_time": "2024-11-07T08:43:27.138908Z"
    }
   },
   "cell_type": "code",
   "source": [
    "df_interest_il['date'] = pd.to_datetime(df_interest_il['Unnamed: 0'], errors='coerce')\n",
    "rows_with_invalid_dates = df_interest_il[df_interest_il['Date'[0:11]].isnull()]\n",
    "print(rows_with_invalid_dates)"
   ],
   "id": "615442305cc5ecbb",
   "outputs": [
    {
     "name": "stderr",
     "output_type": "stream",
     "text": [
      "C:\\Users\\rn385\\AppData\\Local\\Temp\\ipykernel_37544\\1355763559.py:1: UserWarning: Could not infer format, so each element will be parsed individually, falling back to `dateutil`. To ensure parsing is consistent and as-expected, please specify a format.\n",
      "  df_interest_il['date'] = pd.to_datetime(df_interest_il['Unnamed: 0'], errors='coerce')\n"
     ]
    },
    {
     "ename": "KeyError",
     "evalue": "'Date'",
     "output_type": "error",
     "traceback": [
      "\u001B[1;31m---------------------------------------------------------------------------\u001B[0m",
      "\u001B[1;31mKeyError\u001B[0m                                  Traceback (most recent call last)",
      "File \u001B[1;32m~\\PycharmProjects\\data_analisys_pandas\\.venv\\Lib\\site-packages\\pandas\\core\\indexes\\base.py:3805\u001B[0m, in \u001B[0;36mIndex.get_loc\u001B[1;34m(self, key)\u001B[0m\n\u001B[0;32m   3804\u001B[0m \u001B[38;5;28;01mtry\u001B[39;00m:\n\u001B[1;32m-> 3805\u001B[0m     \u001B[38;5;28;01mreturn\u001B[39;00m \u001B[38;5;28;43mself\u001B[39;49m\u001B[38;5;241;43m.\u001B[39;49m\u001B[43m_engine\u001B[49m\u001B[38;5;241;43m.\u001B[39;49m\u001B[43mget_loc\u001B[49m\u001B[43m(\u001B[49m\u001B[43mcasted_key\u001B[49m\u001B[43m)\u001B[49m\n\u001B[0;32m   3806\u001B[0m \u001B[38;5;28;01mexcept\u001B[39;00m \u001B[38;5;167;01mKeyError\u001B[39;00m \u001B[38;5;28;01mas\u001B[39;00m err:\n",
      "File \u001B[1;32mindex.pyx:167\u001B[0m, in \u001B[0;36mpandas._libs.index.IndexEngine.get_loc\u001B[1;34m()\u001B[0m\n",
      "File \u001B[1;32mindex.pyx:196\u001B[0m, in \u001B[0;36mpandas._libs.index.IndexEngine.get_loc\u001B[1;34m()\u001B[0m\n",
      "File \u001B[1;32mpandas\\\\_libs\\\\hashtable_class_helper.pxi:7081\u001B[0m, in \u001B[0;36mpandas._libs.hashtable.PyObjectHashTable.get_item\u001B[1;34m()\u001B[0m\n",
      "File \u001B[1;32mpandas\\\\_libs\\\\hashtable_class_helper.pxi:7089\u001B[0m, in \u001B[0;36mpandas._libs.hashtable.PyObjectHashTable.get_item\u001B[1;34m()\u001B[0m\n",
      "\u001B[1;31mKeyError\u001B[0m: 'Date'",
      "\nThe above exception was the direct cause of the following exception:\n",
      "\u001B[1;31mKeyError\u001B[0m                                  Traceback (most recent call last)",
      "Cell \u001B[1;32mIn[15], line 2\u001B[0m\n\u001B[0;32m      1\u001B[0m df_interest_il[\u001B[38;5;124m'\u001B[39m\u001B[38;5;124mdate\u001B[39m\u001B[38;5;124m'\u001B[39m] \u001B[38;5;241m=\u001B[39m pd\u001B[38;5;241m.\u001B[39mto_datetime(df_interest_il[\u001B[38;5;124m'\u001B[39m\u001B[38;5;124mUnnamed: 0\u001B[39m\u001B[38;5;124m'\u001B[39m], errors\u001B[38;5;241m=\u001B[39m\u001B[38;5;124m'\u001B[39m\u001B[38;5;124mcoerce\u001B[39m\u001B[38;5;124m'\u001B[39m)\n\u001B[1;32m----> 2\u001B[0m rows_with_invalid_dates \u001B[38;5;241m=\u001B[39m df_interest_il[\u001B[43mdf_interest_il\u001B[49m\u001B[43m[\u001B[49m\u001B[38;5;124;43m'\u001B[39;49m\u001B[38;5;124;43mDate\u001B[39;49m\u001B[38;5;124;43m'\u001B[39;49m\u001B[43m[\u001B[49m\u001B[38;5;241;43m0\u001B[39;49m\u001B[43m:\u001B[49m\u001B[38;5;241;43m11\u001B[39;49m\u001B[43m]\u001B[49m\u001B[43m]\u001B[49m\u001B[38;5;241m.\u001B[39misnull()]\n\u001B[0;32m      3\u001B[0m \u001B[38;5;28mprint\u001B[39m(rows_with_invalid_dates)\n",
      "File \u001B[1;32m~\\PycharmProjects\\data_analisys_pandas\\.venv\\Lib\\site-packages\\pandas\\core\\frame.py:4102\u001B[0m, in \u001B[0;36mDataFrame.__getitem__\u001B[1;34m(self, key)\u001B[0m\n\u001B[0;32m   4100\u001B[0m \u001B[38;5;28;01mif\u001B[39;00m \u001B[38;5;28mself\u001B[39m\u001B[38;5;241m.\u001B[39mcolumns\u001B[38;5;241m.\u001B[39mnlevels \u001B[38;5;241m>\u001B[39m \u001B[38;5;241m1\u001B[39m:\n\u001B[0;32m   4101\u001B[0m     \u001B[38;5;28;01mreturn\u001B[39;00m \u001B[38;5;28mself\u001B[39m\u001B[38;5;241m.\u001B[39m_getitem_multilevel(key)\n\u001B[1;32m-> 4102\u001B[0m indexer \u001B[38;5;241m=\u001B[39m \u001B[38;5;28;43mself\u001B[39;49m\u001B[38;5;241;43m.\u001B[39;49m\u001B[43mcolumns\u001B[49m\u001B[38;5;241;43m.\u001B[39;49m\u001B[43mget_loc\u001B[49m\u001B[43m(\u001B[49m\u001B[43mkey\u001B[49m\u001B[43m)\u001B[49m\n\u001B[0;32m   4103\u001B[0m \u001B[38;5;28;01mif\u001B[39;00m is_integer(indexer):\n\u001B[0;32m   4104\u001B[0m     indexer \u001B[38;5;241m=\u001B[39m [indexer]\n",
      "File \u001B[1;32m~\\PycharmProjects\\data_analisys_pandas\\.venv\\Lib\\site-packages\\pandas\\core\\indexes\\base.py:3812\u001B[0m, in \u001B[0;36mIndex.get_loc\u001B[1;34m(self, key)\u001B[0m\n\u001B[0;32m   3807\u001B[0m     \u001B[38;5;28;01mif\u001B[39;00m \u001B[38;5;28misinstance\u001B[39m(casted_key, \u001B[38;5;28mslice\u001B[39m) \u001B[38;5;129;01mor\u001B[39;00m (\n\u001B[0;32m   3808\u001B[0m         \u001B[38;5;28misinstance\u001B[39m(casted_key, abc\u001B[38;5;241m.\u001B[39mIterable)\n\u001B[0;32m   3809\u001B[0m         \u001B[38;5;129;01mand\u001B[39;00m \u001B[38;5;28many\u001B[39m(\u001B[38;5;28misinstance\u001B[39m(x, \u001B[38;5;28mslice\u001B[39m) \u001B[38;5;28;01mfor\u001B[39;00m x \u001B[38;5;129;01min\u001B[39;00m casted_key)\n\u001B[0;32m   3810\u001B[0m     ):\n\u001B[0;32m   3811\u001B[0m         \u001B[38;5;28;01mraise\u001B[39;00m InvalidIndexError(key)\n\u001B[1;32m-> 3812\u001B[0m     \u001B[38;5;28;01mraise\u001B[39;00m \u001B[38;5;167;01mKeyError\u001B[39;00m(key) \u001B[38;5;28;01mfrom\u001B[39;00m \u001B[38;5;21;01merr\u001B[39;00m\n\u001B[0;32m   3813\u001B[0m \u001B[38;5;28;01mexcept\u001B[39;00m \u001B[38;5;167;01mTypeError\u001B[39;00m:\n\u001B[0;32m   3814\u001B[0m     \u001B[38;5;66;03m# If we have a listlike key, _check_indexing_error will raise\u001B[39;00m\n\u001B[0;32m   3815\u001B[0m     \u001B[38;5;66;03m#  InvalidIndexError. Otherwise we fall through and re-raise\u001B[39;00m\n\u001B[0;32m   3816\u001B[0m     \u001B[38;5;66;03m#  the TypeError.\u001B[39;00m\n\u001B[0;32m   3817\u001B[0m     \u001B[38;5;28mself\u001B[39m\u001B[38;5;241m.\u001B[39m_check_indexing_error(key)\n",
      "\u001B[1;31mKeyError\u001B[0m: 'Date'"
     ]
    }
   ],
   "execution_count": 15
  },
  {
   "metadata": {
    "ExecuteTime": {
     "end_time": "2024-11-07T10:03:36.023316Z",
     "start_time": "2024-11-07T10:03:35.994186Z"
    }
   },
   "cell_type": "code",
   "source": "df_exchange = pd.read_csv('./data/USD_ILS Historical Data.csv')",
   "id": "f4145cc0d0fab0e1",
   "outputs": [
    {
     "data": {
      "text/plain": [
       "          Date   Price    Open    High     Low  Vol. Change %\n",
       "0   11/01/2024  3.7247  3.7424  3.7674  3.7221   NaN   -0.32%\n",
       "1   10/01/2024  3.7365  3.7438  3.8277  3.7032   NaN    0.53%\n",
       "2   09/01/2024  3.7167  3.6218  3.7971  3.6179   NaN    2.63%\n",
       "3   08/01/2024  3.6216  3.7668  3.8533  3.6141   NaN   -3.95%\n",
       "4   07/01/2024  3.7706  3.7664  3.7931  3.5786   NaN    0.13%\n",
       "5   06/01/2024  3.7656  3.7194  3.7819  3.6470   NaN    1.56%\n",
       "6   05/01/2024  3.7076  3.7342  3.7651  3.6523   NaN   -0.53%\n",
       "7   04/01/2024  3.7274  3.6943  3.8332  3.6529   NaN    1.30%\n",
       "8   03/01/2024  3.6795  3.5721  3.7011  3.5443   NaN    3.15%\n",
       "9   02/01/2024  3.5671  3.6416  3.7093  3.5480   NaN   -1.94%\n",
       "10  01/01/2024  3.6376  3.6132  3.8015  3.5954   NaN    1.02%\n",
       "11  12/01/2023  3.6008  3.7248  3.7482  3.5945   NaN   -3.28%\n",
       "12  11/01/2023  3.7231  4.0426  4.0531  3.6679   NaN   -7.77%\n",
       "13  10/01/2023  4.0369  3.8107  4.0877  3.8059   NaN    6.01%\n",
       "14  09/01/2023  3.8080  3.8015  3.8603  3.7753   NaN    0.19%\n",
       "15  08/01/2023  3.8009  3.6653  3.8182  3.6295   NaN    3.74%\n",
       "16  07/01/2023  3.6640  3.7102  3.7309  3.5631   NaN   -1.14%\n",
       "17  06/01/2023  3.7061  3.7355  3.7562  3.5403   NaN   -0.73%\n",
       "18  05/01/2023  3.7333  3.6307  3.7509  3.6039   NaN    3.05%\n",
       "19  04/01/2023  3.6227  3.5993  3.6941  3.5586   NaN    0.76%\n",
       "20  03/01/2023  3.5953  3.6544  3.7141  3.5273   NaN   -1.49%\n",
       "21  02/01/2023  3.6496  3.4536  3.6945  3.3883   NaN    5.81%\n",
       "22  01/01/2023  3.4492  3.5140  3.5599  3.3456   NaN   -1.95%\n",
       "23  12/01/2022  3.5177  3.4299  3.5470  3.3740   NaN    3.23%"
      ],
      "text/html": [
       "<div>\n",
       "<style scoped>\n",
       "    .dataframe tbody tr th:only-of-type {\n",
       "        vertical-align: middle;\n",
       "    }\n",
       "\n",
       "    .dataframe tbody tr th {\n",
       "        vertical-align: top;\n",
       "    }\n",
       "\n",
       "    .dataframe thead th {\n",
       "        text-align: right;\n",
       "    }\n",
       "</style>\n",
       "<table border=\"1\" class=\"dataframe\">\n",
       "  <thead>\n",
       "    <tr style=\"text-align: right;\">\n",
       "      <th></th>\n",
       "      <th>Date</th>\n",
       "      <th>Price</th>\n",
       "      <th>Open</th>\n",
       "      <th>High</th>\n",
       "      <th>Low</th>\n",
       "      <th>Vol.</th>\n",
       "      <th>Change %</th>\n",
       "    </tr>\n",
       "  </thead>\n",
       "  <tbody>\n",
       "    <tr>\n",
       "      <th>0</th>\n",
       "      <td>11/01/2024</td>\n",
       "      <td>3.7247</td>\n",
       "      <td>3.7424</td>\n",
       "      <td>3.7674</td>\n",
       "      <td>3.7221</td>\n",
       "      <td>NaN</td>\n",
       "      <td>-0.32%</td>\n",
       "    </tr>\n",
       "    <tr>\n",
       "      <th>1</th>\n",
       "      <td>10/01/2024</td>\n",
       "      <td>3.7365</td>\n",
       "      <td>3.7438</td>\n",
       "      <td>3.8277</td>\n",
       "      <td>3.7032</td>\n",
       "      <td>NaN</td>\n",
       "      <td>0.53%</td>\n",
       "    </tr>\n",
       "    <tr>\n",
       "      <th>2</th>\n",
       "      <td>09/01/2024</td>\n",
       "      <td>3.7167</td>\n",
       "      <td>3.6218</td>\n",
       "      <td>3.7971</td>\n",
       "      <td>3.6179</td>\n",
       "      <td>NaN</td>\n",
       "      <td>2.63%</td>\n",
       "    </tr>\n",
       "    <tr>\n",
       "      <th>3</th>\n",
       "      <td>08/01/2024</td>\n",
       "      <td>3.6216</td>\n",
       "      <td>3.7668</td>\n",
       "      <td>3.8533</td>\n",
       "      <td>3.6141</td>\n",
       "      <td>NaN</td>\n",
       "      <td>-3.95%</td>\n",
       "    </tr>\n",
       "    <tr>\n",
       "      <th>4</th>\n",
       "      <td>07/01/2024</td>\n",
       "      <td>3.7706</td>\n",
       "      <td>3.7664</td>\n",
       "      <td>3.7931</td>\n",
       "      <td>3.5786</td>\n",
       "      <td>NaN</td>\n",
       "      <td>0.13%</td>\n",
       "    </tr>\n",
       "    <tr>\n",
       "      <th>5</th>\n",
       "      <td>06/01/2024</td>\n",
       "      <td>3.7656</td>\n",
       "      <td>3.7194</td>\n",
       "      <td>3.7819</td>\n",
       "      <td>3.6470</td>\n",
       "      <td>NaN</td>\n",
       "      <td>1.56%</td>\n",
       "    </tr>\n",
       "    <tr>\n",
       "      <th>6</th>\n",
       "      <td>05/01/2024</td>\n",
       "      <td>3.7076</td>\n",
       "      <td>3.7342</td>\n",
       "      <td>3.7651</td>\n",
       "      <td>3.6523</td>\n",
       "      <td>NaN</td>\n",
       "      <td>-0.53%</td>\n",
       "    </tr>\n",
       "    <tr>\n",
       "      <th>7</th>\n",
       "      <td>04/01/2024</td>\n",
       "      <td>3.7274</td>\n",
       "      <td>3.6943</td>\n",
       "      <td>3.8332</td>\n",
       "      <td>3.6529</td>\n",
       "      <td>NaN</td>\n",
       "      <td>1.30%</td>\n",
       "    </tr>\n",
       "    <tr>\n",
       "      <th>8</th>\n",
       "      <td>03/01/2024</td>\n",
       "      <td>3.6795</td>\n",
       "      <td>3.5721</td>\n",
       "      <td>3.7011</td>\n",
       "      <td>3.5443</td>\n",
       "      <td>NaN</td>\n",
       "      <td>3.15%</td>\n",
       "    </tr>\n",
       "    <tr>\n",
       "      <th>9</th>\n",
       "      <td>02/01/2024</td>\n",
       "      <td>3.5671</td>\n",
       "      <td>3.6416</td>\n",
       "      <td>3.7093</td>\n",
       "      <td>3.5480</td>\n",
       "      <td>NaN</td>\n",
       "      <td>-1.94%</td>\n",
       "    </tr>\n",
       "    <tr>\n",
       "      <th>10</th>\n",
       "      <td>01/01/2024</td>\n",
       "      <td>3.6376</td>\n",
       "      <td>3.6132</td>\n",
       "      <td>3.8015</td>\n",
       "      <td>3.5954</td>\n",
       "      <td>NaN</td>\n",
       "      <td>1.02%</td>\n",
       "    </tr>\n",
       "    <tr>\n",
       "      <th>11</th>\n",
       "      <td>12/01/2023</td>\n",
       "      <td>3.6008</td>\n",
       "      <td>3.7248</td>\n",
       "      <td>3.7482</td>\n",
       "      <td>3.5945</td>\n",
       "      <td>NaN</td>\n",
       "      <td>-3.28%</td>\n",
       "    </tr>\n",
       "    <tr>\n",
       "      <th>12</th>\n",
       "      <td>11/01/2023</td>\n",
       "      <td>3.7231</td>\n",
       "      <td>4.0426</td>\n",
       "      <td>4.0531</td>\n",
       "      <td>3.6679</td>\n",
       "      <td>NaN</td>\n",
       "      <td>-7.77%</td>\n",
       "    </tr>\n",
       "    <tr>\n",
       "      <th>13</th>\n",
       "      <td>10/01/2023</td>\n",
       "      <td>4.0369</td>\n",
       "      <td>3.8107</td>\n",
       "      <td>4.0877</td>\n",
       "      <td>3.8059</td>\n",
       "      <td>NaN</td>\n",
       "      <td>6.01%</td>\n",
       "    </tr>\n",
       "    <tr>\n",
       "      <th>14</th>\n",
       "      <td>09/01/2023</td>\n",
       "      <td>3.8080</td>\n",
       "      <td>3.8015</td>\n",
       "      <td>3.8603</td>\n",
       "      <td>3.7753</td>\n",
       "      <td>NaN</td>\n",
       "      <td>0.19%</td>\n",
       "    </tr>\n",
       "    <tr>\n",
       "      <th>15</th>\n",
       "      <td>08/01/2023</td>\n",
       "      <td>3.8009</td>\n",
       "      <td>3.6653</td>\n",
       "      <td>3.8182</td>\n",
       "      <td>3.6295</td>\n",
       "      <td>NaN</td>\n",
       "      <td>3.74%</td>\n",
       "    </tr>\n",
       "    <tr>\n",
       "      <th>16</th>\n",
       "      <td>07/01/2023</td>\n",
       "      <td>3.6640</td>\n",
       "      <td>3.7102</td>\n",
       "      <td>3.7309</td>\n",
       "      <td>3.5631</td>\n",
       "      <td>NaN</td>\n",
       "      <td>-1.14%</td>\n",
       "    </tr>\n",
       "    <tr>\n",
       "      <th>17</th>\n",
       "      <td>06/01/2023</td>\n",
       "      <td>3.7061</td>\n",
       "      <td>3.7355</td>\n",
       "      <td>3.7562</td>\n",
       "      <td>3.5403</td>\n",
       "      <td>NaN</td>\n",
       "      <td>-0.73%</td>\n",
       "    </tr>\n",
       "    <tr>\n",
       "      <th>18</th>\n",
       "      <td>05/01/2023</td>\n",
       "      <td>3.7333</td>\n",
       "      <td>3.6307</td>\n",
       "      <td>3.7509</td>\n",
       "      <td>3.6039</td>\n",
       "      <td>NaN</td>\n",
       "      <td>3.05%</td>\n",
       "    </tr>\n",
       "    <tr>\n",
       "      <th>19</th>\n",
       "      <td>04/01/2023</td>\n",
       "      <td>3.6227</td>\n",
       "      <td>3.5993</td>\n",
       "      <td>3.6941</td>\n",
       "      <td>3.5586</td>\n",
       "      <td>NaN</td>\n",
       "      <td>0.76%</td>\n",
       "    </tr>\n",
       "    <tr>\n",
       "      <th>20</th>\n",
       "      <td>03/01/2023</td>\n",
       "      <td>3.5953</td>\n",
       "      <td>3.6544</td>\n",
       "      <td>3.7141</td>\n",
       "      <td>3.5273</td>\n",
       "      <td>NaN</td>\n",
       "      <td>-1.49%</td>\n",
       "    </tr>\n",
       "    <tr>\n",
       "      <th>21</th>\n",
       "      <td>02/01/2023</td>\n",
       "      <td>3.6496</td>\n",
       "      <td>3.4536</td>\n",
       "      <td>3.6945</td>\n",
       "      <td>3.3883</td>\n",
       "      <td>NaN</td>\n",
       "      <td>5.81%</td>\n",
       "    </tr>\n",
       "    <tr>\n",
       "      <th>22</th>\n",
       "      <td>01/01/2023</td>\n",
       "      <td>3.4492</td>\n",
       "      <td>3.5140</td>\n",
       "      <td>3.5599</td>\n",
       "      <td>3.3456</td>\n",
       "      <td>NaN</td>\n",
       "      <td>-1.95%</td>\n",
       "    </tr>\n",
       "    <tr>\n",
       "      <th>23</th>\n",
       "      <td>12/01/2022</td>\n",
       "      <td>3.5177</td>\n",
       "      <td>3.4299</td>\n",
       "      <td>3.5470</td>\n",
       "      <td>3.3740</td>\n",
       "      <td>NaN</td>\n",
       "      <td>3.23%</td>\n",
       "    </tr>\n",
       "  </tbody>\n",
       "</table>\n",
       "</div>"
      ]
     },
     "execution_count": 64,
     "metadata": {},
     "output_type": "execute_result"
    }
   ],
   "execution_count": 64
  },
  {
   "metadata": {
    "ExecuteTime": {
     "end_time": "2024-11-07T10:04:28.644724Z",
     "start_time": "2024-11-07T10:04:28.630382Z"
    }
   },
   "cell_type": "code",
   "source": [
    "df_exchange['Date'] = pd.to_datetime(df_exchange['Date'], errors='coerce')\n",
    "df_exchange"
   ],
   "id": "6d97e0d88e75c7a1",
   "outputs": [
    {
     "data": {
      "text/plain": [
       "         Date   Price    Open    High     Low  Vol. Change %\n",
       "0  2024-11-01  3.7247  3.7424  3.7674  3.7221   NaN   -0.32%\n",
       "1  2024-10-01  3.7365  3.7438  3.8277  3.7032   NaN    0.53%\n",
       "2  2024-09-01  3.7167  3.6218  3.7971  3.6179   NaN    2.63%\n",
       "3  2024-08-01  3.6216  3.7668  3.8533  3.6141   NaN   -3.95%\n",
       "4  2024-07-01  3.7706  3.7664  3.7931  3.5786   NaN    0.13%\n",
       "5  2024-06-01  3.7656  3.7194  3.7819  3.6470   NaN    1.56%\n",
       "6  2024-05-01  3.7076  3.7342  3.7651  3.6523   NaN   -0.53%\n",
       "7  2024-04-01  3.7274  3.6943  3.8332  3.6529   NaN    1.30%\n",
       "8  2024-03-01  3.6795  3.5721  3.7011  3.5443   NaN    3.15%\n",
       "9  2024-02-01  3.5671  3.6416  3.7093  3.5480   NaN   -1.94%\n",
       "10 2024-01-01  3.6376  3.6132  3.8015  3.5954   NaN    1.02%\n",
       "11 2023-12-01  3.6008  3.7248  3.7482  3.5945   NaN   -3.28%\n",
       "12 2023-11-01  3.7231  4.0426  4.0531  3.6679   NaN   -7.77%\n",
       "13 2023-10-01  4.0369  3.8107  4.0877  3.8059   NaN    6.01%\n",
       "14 2023-09-01  3.8080  3.8015  3.8603  3.7753   NaN    0.19%\n",
       "15 2023-08-01  3.8009  3.6653  3.8182  3.6295   NaN    3.74%\n",
       "16 2023-07-01  3.6640  3.7102  3.7309  3.5631   NaN   -1.14%\n",
       "17 2023-06-01  3.7061  3.7355  3.7562  3.5403   NaN   -0.73%\n",
       "18 2023-05-01  3.7333  3.6307  3.7509  3.6039   NaN    3.05%\n",
       "19 2023-04-01  3.6227  3.5993  3.6941  3.5586   NaN    0.76%\n",
       "20 2023-03-01  3.5953  3.6544  3.7141  3.5273   NaN   -1.49%\n",
       "21 2023-02-01  3.6496  3.4536  3.6945  3.3883   NaN    5.81%\n",
       "22 2023-01-01  3.4492  3.5140  3.5599  3.3456   NaN   -1.95%\n",
       "23 2022-12-01  3.5177  3.4299  3.5470  3.3740   NaN    3.23%"
      ],
      "text/html": [
       "<div>\n",
       "<style scoped>\n",
       "    .dataframe tbody tr th:only-of-type {\n",
       "        vertical-align: middle;\n",
       "    }\n",
       "\n",
       "    .dataframe tbody tr th {\n",
       "        vertical-align: top;\n",
       "    }\n",
       "\n",
       "    .dataframe thead th {\n",
       "        text-align: right;\n",
       "    }\n",
       "</style>\n",
       "<table border=\"1\" class=\"dataframe\">\n",
       "  <thead>\n",
       "    <tr style=\"text-align: right;\">\n",
       "      <th></th>\n",
       "      <th>Date</th>\n",
       "      <th>Price</th>\n",
       "      <th>Open</th>\n",
       "      <th>High</th>\n",
       "      <th>Low</th>\n",
       "      <th>Vol.</th>\n",
       "      <th>Change %</th>\n",
       "    </tr>\n",
       "  </thead>\n",
       "  <tbody>\n",
       "    <tr>\n",
       "      <th>0</th>\n",
       "      <td>2024-11-01</td>\n",
       "      <td>3.7247</td>\n",
       "      <td>3.7424</td>\n",
       "      <td>3.7674</td>\n",
       "      <td>3.7221</td>\n",
       "      <td>NaN</td>\n",
       "      <td>-0.32%</td>\n",
       "    </tr>\n",
       "    <tr>\n",
       "      <th>1</th>\n",
       "      <td>2024-10-01</td>\n",
       "      <td>3.7365</td>\n",
       "      <td>3.7438</td>\n",
       "      <td>3.8277</td>\n",
       "      <td>3.7032</td>\n",
       "      <td>NaN</td>\n",
       "      <td>0.53%</td>\n",
       "    </tr>\n",
       "    <tr>\n",
       "      <th>2</th>\n",
       "      <td>2024-09-01</td>\n",
       "      <td>3.7167</td>\n",
       "      <td>3.6218</td>\n",
       "      <td>3.7971</td>\n",
       "      <td>3.6179</td>\n",
       "      <td>NaN</td>\n",
       "      <td>2.63%</td>\n",
       "    </tr>\n",
       "    <tr>\n",
       "      <th>3</th>\n",
       "      <td>2024-08-01</td>\n",
       "      <td>3.6216</td>\n",
       "      <td>3.7668</td>\n",
       "      <td>3.8533</td>\n",
       "      <td>3.6141</td>\n",
       "      <td>NaN</td>\n",
       "      <td>-3.95%</td>\n",
       "    </tr>\n",
       "    <tr>\n",
       "      <th>4</th>\n",
       "      <td>2024-07-01</td>\n",
       "      <td>3.7706</td>\n",
       "      <td>3.7664</td>\n",
       "      <td>3.7931</td>\n",
       "      <td>3.5786</td>\n",
       "      <td>NaN</td>\n",
       "      <td>0.13%</td>\n",
       "    </tr>\n",
       "    <tr>\n",
       "      <th>5</th>\n",
       "      <td>2024-06-01</td>\n",
       "      <td>3.7656</td>\n",
       "      <td>3.7194</td>\n",
       "      <td>3.7819</td>\n",
       "      <td>3.6470</td>\n",
       "      <td>NaN</td>\n",
       "      <td>1.56%</td>\n",
       "    </tr>\n",
       "    <tr>\n",
       "      <th>6</th>\n",
       "      <td>2024-05-01</td>\n",
       "      <td>3.7076</td>\n",
       "      <td>3.7342</td>\n",
       "      <td>3.7651</td>\n",
       "      <td>3.6523</td>\n",
       "      <td>NaN</td>\n",
       "      <td>-0.53%</td>\n",
       "    </tr>\n",
       "    <tr>\n",
       "      <th>7</th>\n",
       "      <td>2024-04-01</td>\n",
       "      <td>3.7274</td>\n",
       "      <td>3.6943</td>\n",
       "      <td>3.8332</td>\n",
       "      <td>3.6529</td>\n",
       "      <td>NaN</td>\n",
       "      <td>1.30%</td>\n",
       "    </tr>\n",
       "    <tr>\n",
       "      <th>8</th>\n",
       "      <td>2024-03-01</td>\n",
       "      <td>3.6795</td>\n",
       "      <td>3.5721</td>\n",
       "      <td>3.7011</td>\n",
       "      <td>3.5443</td>\n",
       "      <td>NaN</td>\n",
       "      <td>3.15%</td>\n",
       "    </tr>\n",
       "    <tr>\n",
       "      <th>9</th>\n",
       "      <td>2024-02-01</td>\n",
       "      <td>3.5671</td>\n",
       "      <td>3.6416</td>\n",
       "      <td>3.7093</td>\n",
       "      <td>3.5480</td>\n",
       "      <td>NaN</td>\n",
       "      <td>-1.94%</td>\n",
       "    </tr>\n",
       "    <tr>\n",
       "      <th>10</th>\n",
       "      <td>2024-01-01</td>\n",
       "      <td>3.6376</td>\n",
       "      <td>3.6132</td>\n",
       "      <td>3.8015</td>\n",
       "      <td>3.5954</td>\n",
       "      <td>NaN</td>\n",
       "      <td>1.02%</td>\n",
       "    </tr>\n",
       "    <tr>\n",
       "      <th>11</th>\n",
       "      <td>2023-12-01</td>\n",
       "      <td>3.6008</td>\n",
       "      <td>3.7248</td>\n",
       "      <td>3.7482</td>\n",
       "      <td>3.5945</td>\n",
       "      <td>NaN</td>\n",
       "      <td>-3.28%</td>\n",
       "    </tr>\n",
       "    <tr>\n",
       "      <th>12</th>\n",
       "      <td>2023-11-01</td>\n",
       "      <td>3.7231</td>\n",
       "      <td>4.0426</td>\n",
       "      <td>4.0531</td>\n",
       "      <td>3.6679</td>\n",
       "      <td>NaN</td>\n",
       "      <td>-7.77%</td>\n",
       "    </tr>\n",
       "    <tr>\n",
       "      <th>13</th>\n",
       "      <td>2023-10-01</td>\n",
       "      <td>4.0369</td>\n",
       "      <td>3.8107</td>\n",
       "      <td>4.0877</td>\n",
       "      <td>3.8059</td>\n",
       "      <td>NaN</td>\n",
       "      <td>6.01%</td>\n",
       "    </tr>\n",
       "    <tr>\n",
       "      <th>14</th>\n",
       "      <td>2023-09-01</td>\n",
       "      <td>3.8080</td>\n",
       "      <td>3.8015</td>\n",
       "      <td>3.8603</td>\n",
       "      <td>3.7753</td>\n",
       "      <td>NaN</td>\n",
       "      <td>0.19%</td>\n",
       "    </tr>\n",
       "    <tr>\n",
       "      <th>15</th>\n",
       "      <td>2023-08-01</td>\n",
       "      <td>3.8009</td>\n",
       "      <td>3.6653</td>\n",
       "      <td>3.8182</td>\n",
       "      <td>3.6295</td>\n",
       "      <td>NaN</td>\n",
       "      <td>3.74%</td>\n",
       "    </tr>\n",
       "    <tr>\n",
       "      <th>16</th>\n",
       "      <td>2023-07-01</td>\n",
       "      <td>3.6640</td>\n",
       "      <td>3.7102</td>\n",
       "      <td>3.7309</td>\n",
       "      <td>3.5631</td>\n",
       "      <td>NaN</td>\n",
       "      <td>-1.14%</td>\n",
       "    </tr>\n",
       "    <tr>\n",
       "      <th>17</th>\n",
       "      <td>2023-06-01</td>\n",
       "      <td>3.7061</td>\n",
       "      <td>3.7355</td>\n",
       "      <td>3.7562</td>\n",
       "      <td>3.5403</td>\n",
       "      <td>NaN</td>\n",
       "      <td>-0.73%</td>\n",
       "    </tr>\n",
       "    <tr>\n",
       "      <th>18</th>\n",
       "      <td>2023-05-01</td>\n",
       "      <td>3.7333</td>\n",
       "      <td>3.6307</td>\n",
       "      <td>3.7509</td>\n",
       "      <td>3.6039</td>\n",
       "      <td>NaN</td>\n",
       "      <td>3.05%</td>\n",
       "    </tr>\n",
       "    <tr>\n",
       "      <th>19</th>\n",
       "      <td>2023-04-01</td>\n",
       "      <td>3.6227</td>\n",
       "      <td>3.5993</td>\n",
       "      <td>3.6941</td>\n",
       "      <td>3.5586</td>\n",
       "      <td>NaN</td>\n",
       "      <td>0.76%</td>\n",
       "    </tr>\n",
       "    <tr>\n",
       "      <th>20</th>\n",
       "      <td>2023-03-01</td>\n",
       "      <td>3.5953</td>\n",
       "      <td>3.6544</td>\n",
       "      <td>3.7141</td>\n",
       "      <td>3.5273</td>\n",
       "      <td>NaN</td>\n",
       "      <td>-1.49%</td>\n",
       "    </tr>\n",
       "    <tr>\n",
       "      <th>21</th>\n",
       "      <td>2023-02-01</td>\n",
       "      <td>3.6496</td>\n",
       "      <td>3.4536</td>\n",
       "      <td>3.6945</td>\n",
       "      <td>3.3883</td>\n",
       "      <td>NaN</td>\n",
       "      <td>5.81%</td>\n",
       "    </tr>\n",
       "    <tr>\n",
       "      <th>22</th>\n",
       "      <td>2023-01-01</td>\n",
       "      <td>3.4492</td>\n",
       "      <td>3.5140</td>\n",
       "      <td>3.5599</td>\n",
       "      <td>3.3456</td>\n",
       "      <td>NaN</td>\n",
       "      <td>-1.95%</td>\n",
       "    </tr>\n",
       "    <tr>\n",
       "      <th>23</th>\n",
       "      <td>2022-12-01</td>\n",
       "      <td>3.5177</td>\n",
       "      <td>3.4299</td>\n",
       "      <td>3.5470</td>\n",
       "      <td>3.3740</td>\n",
       "      <td>NaN</td>\n",
       "      <td>3.23%</td>\n",
       "    </tr>\n",
       "  </tbody>\n",
       "</table>\n",
       "</div>"
      ]
     },
     "execution_count": 65,
     "metadata": {},
     "output_type": "execute_result"
    }
   ],
   "execution_count": 65
  },
  {
   "metadata": {
    "ExecuteTime": {
     "end_time": "2024-11-07T10:15:52.392197Z",
     "start_time": "2024-11-07T10:15:52.368599Z"
    }
   },
   "cell_type": "code",
   "source": [
    "df_exchange[\"Year\"] = df_exchange[\"Date\"].dt.year\n",
    "df_exchange[\"Month\"] = df_exchange[\"Date\"].dt.month\n",
    "df_exchange[\"current_rate\"] = df_exchange[\"Price\"]\n",
    "df_exchange[\"change_from_last_monte\"] = df_exchange[\"current_rate\"].diff()\n",
    "df_exchange = df_exchange[['Year', 'Month', 'current_rate', 'change_from_last_monte']]\n",
    "df_exchange\n",
    "\n"
   ],
   "id": "530e88f4da1c9ac2",
   "outputs": [
    {
     "data": {
      "text/plain": [
       "    Year  Month  current_rate  change_from_last_monte\n",
       "0   2024     11        3.7247                     NaN\n",
       "1   2024     10        3.7365                  0.0118\n",
       "2   2024      9        3.7167                 -0.0198\n",
       "3   2024      8        3.6216                 -0.0951\n",
       "4   2024      7        3.7706                  0.1490\n",
       "5   2024      6        3.7656                 -0.0050\n",
       "6   2024      5        3.7076                 -0.0580\n",
       "7   2024      4        3.7274                  0.0198\n",
       "8   2024      3        3.6795                 -0.0479\n",
       "9   2024      2        3.5671                 -0.1124\n",
       "10  2024      1        3.6376                  0.0705\n",
       "11  2023     12        3.6008                 -0.0368\n",
       "12  2023     11        3.7231                  0.1223\n",
       "13  2023     10        4.0369                  0.3138\n",
       "14  2023      9        3.8080                 -0.2289\n",
       "15  2023      8        3.8009                 -0.0071\n",
       "16  2023      7        3.6640                 -0.1369\n",
       "17  2023      6        3.7061                  0.0421\n",
       "18  2023      5        3.7333                  0.0272\n",
       "19  2023      4        3.6227                 -0.1106\n",
       "20  2023      3        3.5953                 -0.0274\n",
       "21  2023      2        3.6496                  0.0543\n",
       "22  2023      1        3.4492                 -0.2004\n",
       "23  2022     12        3.5177                  0.0685"
      ],
      "text/html": [
       "<div>\n",
       "<style scoped>\n",
       "    .dataframe tbody tr th:only-of-type {\n",
       "        vertical-align: middle;\n",
       "    }\n",
       "\n",
       "    .dataframe tbody tr th {\n",
       "        vertical-align: top;\n",
       "    }\n",
       "\n",
       "    .dataframe thead th {\n",
       "        text-align: right;\n",
       "    }\n",
       "</style>\n",
       "<table border=\"1\" class=\"dataframe\">\n",
       "  <thead>\n",
       "    <tr style=\"text-align: right;\">\n",
       "      <th></th>\n",
       "      <th>Year</th>\n",
       "      <th>Month</th>\n",
       "      <th>current_rate</th>\n",
       "      <th>change_from_last_monte</th>\n",
       "    </tr>\n",
       "  </thead>\n",
       "  <tbody>\n",
       "    <tr>\n",
       "      <th>0</th>\n",
       "      <td>2024</td>\n",
       "      <td>11</td>\n",
       "      <td>3.7247</td>\n",
       "      <td>NaN</td>\n",
       "    </tr>\n",
       "    <tr>\n",
       "      <th>1</th>\n",
       "      <td>2024</td>\n",
       "      <td>10</td>\n",
       "      <td>3.7365</td>\n",
       "      <td>0.0118</td>\n",
       "    </tr>\n",
       "    <tr>\n",
       "      <th>2</th>\n",
       "      <td>2024</td>\n",
       "      <td>9</td>\n",
       "      <td>3.7167</td>\n",
       "      <td>-0.0198</td>\n",
       "    </tr>\n",
       "    <tr>\n",
       "      <th>3</th>\n",
       "      <td>2024</td>\n",
       "      <td>8</td>\n",
       "      <td>3.6216</td>\n",
       "      <td>-0.0951</td>\n",
       "    </tr>\n",
       "    <tr>\n",
       "      <th>4</th>\n",
       "      <td>2024</td>\n",
       "      <td>7</td>\n",
       "      <td>3.7706</td>\n",
       "      <td>0.1490</td>\n",
       "    </tr>\n",
       "    <tr>\n",
       "      <th>5</th>\n",
       "      <td>2024</td>\n",
       "      <td>6</td>\n",
       "      <td>3.7656</td>\n",
       "      <td>-0.0050</td>\n",
       "    </tr>\n",
       "    <tr>\n",
       "      <th>6</th>\n",
       "      <td>2024</td>\n",
       "      <td>5</td>\n",
       "      <td>3.7076</td>\n",
       "      <td>-0.0580</td>\n",
       "    </tr>\n",
       "    <tr>\n",
       "      <th>7</th>\n",
       "      <td>2024</td>\n",
       "      <td>4</td>\n",
       "      <td>3.7274</td>\n",
       "      <td>0.0198</td>\n",
       "    </tr>\n",
       "    <tr>\n",
       "      <th>8</th>\n",
       "      <td>2024</td>\n",
       "      <td>3</td>\n",
       "      <td>3.6795</td>\n",
       "      <td>-0.0479</td>\n",
       "    </tr>\n",
       "    <tr>\n",
       "      <th>9</th>\n",
       "      <td>2024</td>\n",
       "      <td>2</td>\n",
       "      <td>3.5671</td>\n",
       "      <td>-0.1124</td>\n",
       "    </tr>\n",
       "    <tr>\n",
       "      <th>10</th>\n",
       "      <td>2024</td>\n",
       "      <td>1</td>\n",
       "      <td>3.6376</td>\n",
       "      <td>0.0705</td>\n",
       "    </tr>\n",
       "    <tr>\n",
       "      <th>11</th>\n",
       "      <td>2023</td>\n",
       "      <td>12</td>\n",
       "      <td>3.6008</td>\n",
       "      <td>-0.0368</td>\n",
       "    </tr>\n",
       "    <tr>\n",
       "      <th>12</th>\n",
       "      <td>2023</td>\n",
       "      <td>11</td>\n",
       "      <td>3.7231</td>\n",
       "      <td>0.1223</td>\n",
       "    </tr>\n",
       "    <tr>\n",
       "      <th>13</th>\n",
       "      <td>2023</td>\n",
       "      <td>10</td>\n",
       "      <td>4.0369</td>\n",
       "      <td>0.3138</td>\n",
       "    </tr>\n",
       "    <tr>\n",
       "      <th>14</th>\n",
       "      <td>2023</td>\n",
       "      <td>9</td>\n",
       "      <td>3.8080</td>\n",
       "      <td>-0.2289</td>\n",
       "    </tr>\n",
       "    <tr>\n",
       "      <th>15</th>\n",
       "      <td>2023</td>\n",
       "      <td>8</td>\n",
       "      <td>3.8009</td>\n",
       "      <td>-0.0071</td>\n",
       "    </tr>\n",
       "    <tr>\n",
       "      <th>16</th>\n",
       "      <td>2023</td>\n",
       "      <td>7</td>\n",
       "      <td>3.6640</td>\n",
       "      <td>-0.1369</td>\n",
       "    </tr>\n",
       "    <tr>\n",
       "      <th>17</th>\n",
       "      <td>2023</td>\n",
       "      <td>6</td>\n",
       "      <td>3.7061</td>\n",
       "      <td>0.0421</td>\n",
       "    </tr>\n",
       "    <tr>\n",
       "      <th>18</th>\n",
       "      <td>2023</td>\n",
       "      <td>5</td>\n",
       "      <td>3.7333</td>\n",
       "      <td>0.0272</td>\n",
       "    </tr>\n",
       "    <tr>\n",
       "      <th>19</th>\n",
       "      <td>2023</td>\n",
       "      <td>4</td>\n",
       "      <td>3.6227</td>\n",
       "      <td>-0.1106</td>\n",
       "    </tr>\n",
       "    <tr>\n",
       "      <th>20</th>\n",
       "      <td>2023</td>\n",
       "      <td>3</td>\n",
       "      <td>3.5953</td>\n",
       "      <td>-0.0274</td>\n",
       "    </tr>\n",
       "    <tr>\n",
       "      <th>21</th>\n",
       "      <td>2023</td>\n",
       "      <td>2</td>\n",
       "      <td>3.6496</td>\n",
       "      <td>0.0543</td>\n",
       "    </tr>\n",
       "    <tr>\n",
       "      <th>22</th>\n",
       "      <td>2023</td>\n",
       "      <td>1</td>\n",
       "      <td>3.4492</td>\n",
       "      <td>-0.2004</td>\n",
       "    </tr>\n",
       "    <tr>\n",
       "      <th>23</th>\n",
       "      <td>2022</td>\n",
       "      <td>12</td>\n",
       "      <td>3.5177</td>\n",
       "      <td>0.0685</td>\n",
       "    </tr>\n",
       "  </tbody>\n",
       "</table>\n",
       "</div>"
      ]
     },
     "execution_count": 69,
     "metadata": {},
     "output_type": "execute_result"
    }
   ],
   "execution_count": 69
  },
  {
   "metadata": {
    "ExecuteTime": {
     "end_time": "2024-11-07T14:16:14.641754Z",
     "start_time": "2024-11-07T14:16:14.608753Z"
    }
   },
   "cell_type": "code",
   "source": [
    "df_us = pd.read_csv('./data/yield-curve-rates-1990-2023.csv')\n",
    "df_us"
   ],
   "id": "5d286e707856a3c4",
   "outputs": [
    {
     "data": {
      "text/plain": [
       "          Date  1 Mo  2 Mo  3 Mo  4 Mo  6 Mo  1 Yr  2 Yr  3 Yr  5 Yr  7 Yr  \\\n",
       "0     12/29/23  5.60  5.59  5.40  5.41  5.26  4.79  4.23  4.01  3.84  3.88   \n",
       "1     12/28/23  5.57  5.55  5.45  5.42  5.28  4.82  4.26  4.02  3.83  3.84   \n",
       "2     12/27/23  5.55  5.53  5.44  5.42  5.26  4.79  4.20  3.97  3.78  3.81   \n",
       "3     12/26/23  5.53  5.52  5.45  5.44  5.28  4.83  4.26  4.05  3.89  3.91   \n",
       "4     12/22/23  5.54  5.52  5.44  5.45  5.31  4.82  4.31  4.04  3.87  3.92   \n",
       "...        ...   ...   ...   ...   ...   ...   ...   ...   ...   ...   ...   \n",
       "8502    1/8/90   NaN   NaN  7.79   NaN  7.88  7.81  7.90  7.95  7.92  8.05   \n",
       "8503    1/5/90   NaN   NaN  7.79   NaN  7.85  7.79  7.90  7.94  7.92  8.03   \n",
       "8504    1/4/90   NaN   NaN  7.84   NaN  7.90  7.82  7.92  7.93  7.91  8.02   \n",
       "8505    1/3/90   NaN   NaN  7.89   NaN  7.94  7.85  7.94  7.96  7.92  8.04   \n",
       "8506    1/2/90   NaN   NaN  7.83   NaN  7.89  7.81  7.87  7.90  7.87  7.98   \n",
       "\n",
       "      10 Yr  20 Yr  30 Yr  \n",
       "0      3.88   4.20   4.03  \n",
       "1      3.84   4.14   3.98  \n",
       "2      3.79   4.10   3.95  \n",
       "3      3.89   4.20   4.04  \n",
       "4      3.90   4.21   4.05  \n",
       "...     ...    ...    ...  \n",
